10 2065
9.8 2060
9.6 2056
9.4 2053
9.2 2052
9 2049
8.8 2043
8.6 2028
8.4 2010
8.2 1993
8 1978
7.8 1960
7.6 1944
7.4 1928
7.2 1912
7 1895
6.8 1878
6.6 1844
6.4 1827
6.2 1818
6 1808
5.8 1785
5.6 1764
5.4 1745
5.2 1725
5 1706
4.8 1685
4.6 1665
4.4 1642
4.2 1621
4 1597
3.8 1572
3.6 1549
3.4 1523
3.2 1495
3 1466
2.8 1436
2.6 1401
2.4 1366
2.2 1326
2 1282
1.8 1233
1.6 1177
1.4 1111
1.2 1031
1 936
0.8 817
0.6 678
0.4 519
0.2 340
0 151
-0.2 -43
-0.4 -238
-0.6 -421
-0.8 -595
-1 -752
-1.2 -879
-1.4 -982
-1.6 -1068
-1.8 -1138
-2 -1197
-2.2 -1250
-2.4 -1295
-2.6 -1338
-2.8 -1377
-3 -1413
-3.2 -1446
-3.4 -1477
-3.6 -1506
-3.8 -1533
-4 -1560
-4.2 -1585
-4.4 -1610
-4.6 -1634
-4.8 -1658
-5 -1680
-5.2 -1703
-5.4 -1724
-5.6 -1743
-5.8 -1764
-6 -1784
-6.2 -1802
-6.4 -1821
-6.6 -1840
-6.8 -1856
-7 -1873
-7.2 -1890
-7.4 -1906
-7.6 -1922
-7.8 -1937
-8 -1953
-8.2 -1969
-8.4 -1980
-8.6 -1994
-8.8 -2004
-9 -2004
-9.2 -2003
-9.4 -2001
-9.6 -2000
-9.8 -1998
-10 -1997
-9.8 -1991
-9.6 -1986
-9.4 -1985
-9.2 -1983
-9 -1982
-8.8 -1978
-8.6 -1966
-8.4 -1950
-8.2 -1935
-8 -1919
-7.8 -1905
-7.6 -1890
-7.4 -1874
-7.2 -1857
-7 -1841
-6.8 -1825
-6.6 -1810
-6.4 -1793
-6.2 -1777
-6 -1760
-5.8 -1742
-5.6 -1724
-5.4 -1706
-5.2 -1688
-5 -1669
-4.8 -1649
-4.6 -1627
-4.4 -1607
-4.2 -1586
-4 -1564
-3.8 -1541
-3.6 -1517
-3.4 -1493
-3.2 -1465
-3 -1437
-2.8 -1406
-2.6 -1374
-2.4 -1339
-2.2 -1300
-2 -1256
-1.8 -1208
-1.6 -1153
-1.4 -1086
-1.2 -1008
-1 -915
-0.8 -799
-0.6 -665
-0.4 -514
-0.2 -342
0 -161
0.2 26
0.4 214
0.6 392
0.8 560
1 715
1.2 842
1.4 947
1.6 1034
1.8 1105
2 1165
2.2 1218
2.4 1265
2.6 1306
2.8 1345
3 1380
3.2 1412
3.4 1443
3.6 1471
3.8 1499
4 1526
4.2 1551
4.4 1575
4.6 1599
4.8 1621
5 1643
5.2 1665
5.4 1686
5.6 1707
5.8 1727
6 1745
6.2 1764
6.4 1782
6.6 1800
6.8 1817
7 1834
7.2 1850
7.4 1866
7.6 1881
7.8 1897
8 1911
8.2 1927
8.4 1941
8.6 1955
8.8 1967
9 1971
9.2 1970
9.4 1967
9.6 1965
9.8 1966
10 1963