10 1740
9.8 1736
9.6 1726
9.4 1719
9.2 1714
9 1710
8.8 1707
8.6 1702
8.4 1695
8.2 1680
8 1664
7.8 1646
7.6 1631
7.4 1617
7.2 1603
7 1588
6.8 1573
6.6 1558
6.4 1544
6.2 1529
6 1513
5.8 1497
5.6 1482
5.4 1465
5.2 1449
5 1432
4.8 1415
4.6 1397
4.4 1379
4.2 1360
4 1340
3.8 1320
3.6 1299
3.4 1275
3.2 1252
3 1228
2.8 1201
2.6 1173
2.4 1142
2.2 1107
2 1068
1.8 1023
1.6 971
1.4 911
1.2 836
1 750
0.8 650
0.6 532
0.4 404
0.2 263
0 108
-0.2 -230
-0.4 -307
-0.6 -409
-0.8 -515
-1 -622
-1.2 -729
-1.4 -819
-1.6 -895
-1.8 -960
-2 -1013
-2.2 -1060
-2.4 -1102
-2.6 -1137
-2.8 -1171
-3 -1202
-3.2 -1231
-3.4 -1257
-3.6 -1283
-3.8 -1306
-4 -1329
-4.2 -1350
-4.4 -1371
-4.6 -1391
-4.8 -1411
-5 -1430
-5.2 -1448
-5.4 -1466
-5.6 -1482
-5.8 -1499
-6 -1515
-6.2 -1530
-6.4 -1546
-6.6 -1560
-6.8 -1575
-7 -1588
-7.2 -1601
-7.4 -1615
-7.6 -1629
-7.8 -1641
-8 -1653
-8.2 -1663
-8.4 -1672
-8.6 -1670
-8.8 -1667
-9 -1664
-9.2 -1662
-9.4 -1661
-9.6 -1660
-9.8 -1658
-10 -1655
-9.8 -1650
-9.6 -1648
-9.4 -1647
-9.2 -1646
-9 -1645
-8.8 -1643
-8.6 -1641
-8.4 -1638
-8.2 -1628
-8 -1616
-7.8 -1605
-7.6 -1590
-7.4 -1577
-7.2 -1565
-7 -1551
-6.8 -1538
-6.6 -1524
-6.4 -1511
-6.2 -1497
-6 -1483
-5.8 -1469
-5.6 -1454
-5.4 -1439
-5.2 -1423
-5 -1408
-4.8 -1392
-4.6 -1375
-4.4 -1358
-4.2 -1340
-4 -1321
-3.8 -1302
-3.6 -1283
-3.4 -1261
-3.2 -1238
-3 -1214
-2.8 -1188
-2.6 -1160
-2.4 -1130
-2.2 -1095
-2 -1056
-1.8 -1013
-1.6 -961
-1.4 -901
-1.2 -829
-1 -744
-0.8 -647
-0.6 -536
-0.4 -410
-0.2 -274
0 -128
0.2 32
0.4 188
0.6 336
0.8 477
1 600
1.2 705
1.4 797
1.6 873
1.8 938
2 994
2.2 1040
2.4 1082
2.6 1119
2.8 1152
3 1184
3.2 1212
3.4 1238
3.6 1263
3.8 1287
4 1310
4.2 1331
4.4 1351
4.6 1370
4.8 1390
5 1408
5.2 1426
5.4 1444
5.6 1461
5.8 1477
6 1493
6.2 1508
6.4 1523
6.6 1538
6.8 1551
7 1563
7.2 1578
7.4 1591
7.6 1604
7.8 1616
8 1628
8.2 1640
8.4 1651
8.6 1654
8.8 1652
9 1650
9.2 1649
9.4 1647
9.6 1645
9.8 1644
10 1642